#OTU ID	example1	example2	example3	example4	example5	example6
OTU_1	105	125	91	0	0	0
OTU_10	30	48	18	0	0	0
OTU_100	4	3	2	0	0	0
OTU_1000	0	0	1	0	0	0
OTU_1001	0	0	1	0	0	0
OTU_1002	0	0	1	0	0	0
OTU_1003	0	0	1	0	0	0
OTU_1004	0	0	1	0	0	0
OTU_1005	0	0	1	0	0	0
OTU_1006	0	0	1	0	0	0
OTU_1007	0	0	1	0	0	0
OTU_1008	0	0	1	0	0	0
OTU_1009	0	0	1	0	0	0
OTU_101	1	0	0	0	0	0
OTU_1010	0	0	1	0	0	0
OTU_1011	0	0	1	0	0	0
OTU_1012	0	0	1	0	0	0
OTU_1013	0	0	1	0	0	0
OTU_1014	0	0	1	0	0	0
OTU_1015	0	0	1	0	0	0
OTU_1016	0	0	2	0	0	0
OTU_1017	0	0	1	0	0	0
OTU_1018	0	0	1	0	0	0
OTU_1019	0	0	1	0	0	0
OTU_102	1	0	0	0	0	0
OTU_1020	0	0	1	0	0	0
OTU_1021	0	0	1	0	0	0
OTU_1022	0	0	1	0	0	0
OTU_1023	0	0	1	0	0	0
OTU_1024	0	0	1	0	0	0
OTU_1025	0	0	1	0	0	0
OTU_1026	0	0	1	0	0	0
OTU_1027	0	0	1	0	0	0
OTU_1028	0	0	1	0	0	0
OTU_1029	0	0	1	0	0	0
OTU_103	2	0	0	0	0	0
OTU_1030	0	0	1	0	0	0
OTU_1031	0	0	1	0	0	0
OTU_1032	0	0	1	0	0	0
OTU_1033	0	0	1	0	0	0
OTU_1034	0	0	1	0	0	0
OTU_1035	0	0	1	0	0	0
OTU_1036	0	0	1	0	0	0
OTU_1037	0	0	1	0	0	0
OTU_1038	0	0	1	0	0	0
OTU_1039	0	0	1	0	0	0
OTU_104	1	3	1	0	0	0
OTU_1040	0	0	1	0	0	0
OTU_1041	0	0	1	0	0	0
OTU_1042	0	0	1	0	0	0
OTU_1043	0	0	1	0	0	0
OTU_1044	0	0	1	0	0	0
OTU_1045	0	0	1	0	0	0
OTU_1046	0	0	1	0	0	0
OTU_1047	0	0	1	0	0	0
OTU_1048	0	0	1	0	0	0
OTU_1049	0	0	1	0	0	0
OTU_105	25	28	34	0	0	0
OTU_1050	0	0	1	0	0	0
OTU_1051	0	0	1	0	0	0
OTU_1052	0	0	1	0	0	0
OTU_1053	0	0	1	0	0	0
OTU_1054	0	0	1	0	0	0
OTU_1055	0	0	1	0	0	0
OTU_1056	0	0	1	0	0	0
OTU_1057	0	0	0	1	0	0
OTU_1058	0	0	0	1	0	0
OTU_1059	0	0	0	2	1	1
OTU_106	4	1	3	0	0	0
OTU_1060	0	0	0	1	0	0
OTU_1061	0	0	0	1	0	0
OTU_1062	0	0	0	1	0	0
OTU_1063	0	0	0	1	0	0
OTU_1064	0	0	0	1	0	0
OTU_1065	0	0	0	1	0	0
OTU_1066	0	0	0	1	0	0
OTU_1067	0	0	0	0	1	0
OTU_1068	0	0	0	0	1	0
OTU_1069	0	0	0	0	1	0
OTU_107	1	0	0	0	0	0
OTU_1070	0	0	0	0	1	0
OTU_1071	0	0	0	0	1	0
OTU_1072	0	0	0	0	0	1
OTU_1073	0	0	0	0	0	1
OTU_1074	0	0	0	0	0	1
OTU_1075	0	0	0	0	0	1
OTU_1076	0	0	0	0	0	1
OTU_1077	0	0	0	0	0	1
OTU_1078	0	0	0	0	0	1
OTU_1079	0	0	0	0	0	1
OTU_108	1	1	0	0	0	0
OTU_1080	0	0	0	0	0	1
OTU_1081	0	0	0	0	0	1
OTU_1082	0	0	0	0	0	1
OTU_109	5	2	4	0	0	0
OTU_11	10	7	9	0	0	0
OTU_110	1	0	0	0	0	0
OTU_111	1	0	0	0	0	0
OTU_112	2	0	0	0	0	0
OTU_113	5	6	5	0	0	0
OTU_114	1	2	0	0	0	0
OTU_115	1	0	0	0	0	0
OTU_116	1	0	1	0	0	0
OTU_117	1	0	0	0	0	0
OTU_118	2	1	3	0	0	0
OTU_119	1	3	1	0	0	0
OTU_12	1	0	0	0	0	0
OTU_120	1	0	0	0	0	0
OTU_121	4	1	5	0	0	0
OTU_122	3	0	1	0	0	0
OTU_123	2	3	0	0	0	0
OTU_124	1	0	0	0	0	0
OTU_125	8	2	8	0	0	0
OTU_126	1	0	0	0	0	0
OTU_127	2	1	1	0	0	0
OTU_128	6	6	1	0	0	0
OTU_129	5	4	2	0	0	0
OTU_13	22	8	4	0	0	0
OTU_130	1	0	0	0	0	0
OTU_131	1	0	0	0	0	0
OTU_132	2	0	0	0	0	0
OTU_133	1	0	1	0	0	0
OTU_134	10	11	6	0	0	0
OTU_135	1	3	3	0	0	0
OTU_136	1	0	0	0	0	0
OTU_137	2	0	1	0	0	0
OTU_138	8	3	6	0	0	0
OTU_139	2	1	1	0	0	0
OTU_14	1	0	0	0	0	0
OTU_140	3	0	1	0	0	0
OTU_141	1	0	0	0	0	0
OTU_142	1	1	0	0	0	0
OTU_143	2	1	0	0	0	0
OTU_144	3	1	0	0	0	0
OTU_145	3	4	1	0	0	0
OTU_146	1	2	1	0	0	0
OTU_147	3	1	3	0	0	0
OTU_148	9	7	7	0	0	0
OTU_149	4	9	1	0	0	0
OTU_15	16	11	4	0	0	0
OTU_150	2	0	3	0	0	0
OTU_151	1	0	0	0	0	0
OTU_152	1	0	0	0	0	0
OTU_153	2	0	0	0	0	0
OTU_154	3	4	4	0	0	0
OTU_155	1	0	0	0	0	0
OTU_156	1	2	1	0	0	0
OTU_157	1	1	0	0	0	0
OTU_158	1	1	0	0	0	0
OTU_159	1	0	0	0	0	0
OTU_16	29	16	19	0	0	0
OTU_160	1	0	0	0	0	0
OTU_161	2	1	4	0	0	0
OTU_162	1	0	1	0	0	0
OTU_163	6	4	2	0	0	0
OTU_164	2	1	0	0	0	0
OTU_165	1	0	0	0	0	0
OTU_166	2	0	0	0	0	0
OTU_167	1	0	0	0	0	0
OTU_168	2	0	0	0	0	0
OTU_169	1	0	0	0	0	0
OTU_17	7	5	6	0	0	0
OTU_170	2	0	0	0	0	0
OTU_171	7	4	4	0	0	0
OTU_172	1	3	0	0	0	0
OTU_173	1	1	1	0	0	0
OTU_174	1	0	0	0	0	0
OTU_175	1	0	0	0	0	0
OTU_176	2	2	1	0	0	0
OTU_177	1	0	0	0	0	0
OTU_178	1	1	0	0	0	0
OTU_179	1	1	0	0	0	0
OTU_18	1	0	0	0	0	0
OTU_180	1	0	0	0	0	0
OTU_181	2	0	1	0	0	0
OTU_182	1	0	0	0	0	0
OTU_183	3	0	1	0	0	0
OTU_184	1	0	0	0	0	0
OTU_185	1	0	0	0	0	0
OTU_186	1	1	1	0	0	0
OTU_187	2	0	0	0	0	0
OTU_188	1	0	1	0	0	0
OTU_189	1	0	0	0	0	0
OTU_19	1	0	0	0	0	0
OTU_190	1	6	0	0	0	0
OTU_191	6	8	4	0	0	0
OTU_192	1	0	0	0	0	0
OTU_193	5	2	5	0	0	0
OTU_194	3	4	2	0	0	0
OTU_195	1	0	0	0	0	0
OTU_196	1	0	2	0	0	0
OTU_197	1	0	0	0	0	0
OTU_198	1	2	2	0	0	0
OTU_199	5	1	2	0	0	0
OTU_2	4	3	7	0	0	0
OTU_20	1	0	0	0	0	0
OTU_200	1	0	0	0	0	0
OTU_201	2	0	1	0	0	0
OTU_202	1	0	0	0	0	0
OTU_203	1	2	5	0	0	0
OTU_204	1	0	0	0	0	0
OTU_205	1	1	0	0	0	0
OTU_206	1	0	0	0	0	0
OTU_207	3	0	0	0	0	0
OTU_208	1	2	0	0	0	0
OTU_209	1	0	0	0	0	0
OTU_21	2	2	0	0	0	0
OTU_210	1	0	0	0	0	0
OTU_211	3	8	3	0	0	0
OTU_212	1	0	1	0	0	0
OTU_213	6	4	5	0	0	0
OTU_214	1	2	1	0	0	0
OTU_215	1	0	0	0	0	0
OTU_216	4	3	3	0	0	0
OTU_217	3	5	6	0	0	0
OTU_218	2	0	3	0	0	0
OTU_219	2	2	0	0	0	0
OTU_22	1	0	1	0	0	0
OTU_220	4	4	4	0	0	0
OTU_221	1	0	0	0	0	0
OTU_222	2	0	0	0	0	0
OTU_223	3	3	2	0	0	0
OTU_224	2	1	0	0	0	0
OTU_225	3	1	2	0	0	0
OTU_226	1	1	0	0	0	0
OTU_227	3	1	0	0	0	0
OTU_228	1	0	0	0	0	0
OTU_229	1	0	2	0	0	0
OTU_23	2	1	2	0	0	0
OTU_230	1	1	0	0	0	0
OTU_231	1	1	1	0	0	0
OTU_232	1	1	1	0	0	0
OTU_233	1	0	0	0	0	0
OTU_234	1	0	0	0	0	0
OTU_235	1	0	0	0	0	0
OTU_236	5	8	5	0	0	0
OTU_237	1	2	0	0	0	0
OTU_238	2	3	0	0	0	0
OTU_239	1	0	0	0	0	0
OTU_24	16	11	17	0	0	0
OTU_240	2	1	0	0	0	0
OTU_241	1	0	0	0	0	0
OTU_242	1	0	0	0	0	0
OTU_243	1	0	1	0	0	0
OTU_244	1	0	0	0	0	0
OTU_245	2	1	0	0	0	0
OTU_246	1	0	0	0	0	0
OTU_247	1	0	0	0	0	0
OTU_248	6	3	4	0	0	0
OTU_249	1	0	0	0	0	0
OTU_25	1	0	1	0	0	0
OTU_250	1	1	0	0	0	0
OTU_251	1	1	0	0	0	0
OTU_252	1	2	1	0	0	0
OTU_253	1	0	0	0	0	0
OTU_254	2	1	4	0	0	0
OTU_255	2	0	0	0	0	0
OTU_256	1	3	0	0	0	0
OTU_257	1	1	0	0	0	0
OTU_258	1	0	2	0	0	0
OTU_259	1	0	0	0	0	0
OTU_26	2	1	0	0	0	0
OTU_260	1	0	1	0	0	0
OTU_261	1	0	0	0	0	0
OTU_262	3	1	1	0	0	0
OTU_263	1	0	1	0	0	0
OTU_264	1	0	1	0	0	0
OTU_265	1	0	0	0	0	0
OTU_266	3	1	0	0	0	0
OTU_267	1	1	0	0	0	0
OTU_268	1	3	1	0	0	0
OTU_269	1	0	0	0	0	0
OTU_27	1	0	0	0	0	0
OTU_270	2	2	2	0	0	0
OTU_271	3	4	3	0	0	0
OTU_272	1	1	1	0	0	0
OTU_273	4	2	2	0	0	0
OTU_274	3	3	2	0	0	0
OTU_275	1	1	0	0	0	0
OTU_276	1	0	0	0	0	0
OTU_277	5	3	1	0	0	0
OTU_278	1	0	0	0	0	0
OTU_279	1	0	0	0	0	0
OTU_28	35	10	11	0	0	0
OTU_280	1	0	0	0	0	0
OTU_281	1	0	0	0	0	0
OTU_282	1	0	0	0	0	0
OTU_283	1	2	0	0	0	0
OTU_284	1	0	0	0	0	0
OTU_285	1	0	0	0	0	0
OTU_286	1	1	0	0	0	0
OTU_287	1	0	2	0	0	0
OTU_288	2	5	2	0	0	0
OTU_289	1	0	0	0	0	0
OTU_29	4	1	1	0	0	0
OTU_290	1	0	0	0	0	0
OTU_291	1	0	1	0	0	0
OTU_292	9	5	6	0	0	0
OTU_293	1	0	0	0	0	0
OTU_294	1	0	0	0	0	0
OTU_295	1	1	0	0	0	0
OTU_296	1	0	0	0	0	0
OTU_297	1	1	0	0	0	0
OTU_298	1	0	0	0	0	0
OTU_299	1	0	0	0	0	0
OTU_3	5	2	4	0	0	0
OTU_30	28	17	20	0	0	0
OTU_300	8	3	4	0	0	0
OTU_301	1	0	0	0	0	0
OTU_302	1	0	1	0	0	0
OTU_303	3	2	0	0	0	0
OTU_304	2	0	2	0	0	0
OTU_305	1	0	0	0	0	0
OTU_306	2	0	0	0	0	0
OTU_307	1	0	0	0	0	0
OTU_308	2	1	2	0	0	0
OTU_309	1	0	0	0	0	0
OTU_31	7	2	4	0	0	0
OTU_310	1	0	0	0	0	0
OTU_311	2	0	0	0	0	0
OTU_312	2	0	0	0	0	0
OTU_313	1	0	0	0	0	0
OTU_314	1	0	0	0	0	0
OTU_315	1	0	0	0	0	0
OTU_316	1	0	0	0	0	0
OTU_317	1	0	0	0	0	0
OTU_318	1	0	0	0	0	0
OTU_319	1	2	0	0	0	0
OTU_32	2	0	0	0	0	0
OTU_320	1	0	0	0	0	0
OTU_321	1	0	0	0	0	0
OTU_322	7	2	1	0	0	0
OTU_323	1	0	0	0	0	0
OTU_324	1	0	1	0	0	0
OTU_325	1	0	0	0	0	0
OTU_326	2	1	0	0	0	0
OTU_327	1	0	1	0	0	0
OTU_328	3	1	3	0	0	0
OTU_329	1	0	0	0	0	0
OTU_33	11	9	4	0	0	0
OTU_330	2	4	3	0	0	0
OTU_331	1	0	0	0	0	0
OTU_332	1	2	1	0	0	0
OTU_333	1	0	0	0	0	0
OTU_334	1	0	0	0	0	0
OTU_335	2	0	0	0	0	0
OTU_336	1	0	0	0	0	0
OTU_337	2	0	0	0	0	0
OTU_338	1	4	3	0	0	0
OTU_339	1	0	0	0	0	0
OTU_34	1	0	0	0	0	0
OTU_340	2	2	1	0	0	0
OTU_341	2	2	1	0	0	0
OTU_342	1	0	0	0	0	0
OTU_343	1	2	0	0	0	0
OTU_344	1	0	0	0	0	0
OTU_345	1	0	0	0	0	0
OTU_346	3	1	2	0	0	0
OTU_347	3	0	0	0	0	0
OTU_348	1	0	0	0	0	0
OTU_349	1	0	0	0	0	0
OTU_35	3	1	0	0	0	0
OTU_350	1	0	0	0	0	0
OTU_351	1	0	0	0	0	0
OTU_352	1	0	0	0	0	0
OTU_353	1	0	0	0	0	0
OTU_354	1	0	1	0	0	0
OTU_355	1	0	0	0	0	0
OTU_356	2	0	0	0	0	0
OTU_357	1	0	0	0	0	0
OTU_358	1	0	0	0	0	0
OTU_359	1	0	0	0	0	0
OTU_36	1	0	0	0	0	0
OTU_360	1	0	0	0	0	0
OTU_361	1	0	0	0	0	0
OTU_362	1	1	0	0	0	0
OTU_363	2	0	1	0	0	0
OTU_364	1	0	0	0	0	0
OTU_365	2	2	0	0	0	0
OTU_366	1	0	0	0	0	0
OTU_367	1	3	1	0	0	0
OTU_368	1	0	0	0	0	0
OTU_369	2	0	0	0	0	0
OTU_37	2	1	0	0	0	0
OTU_370	1	0	0	0	0	0
OTU_371	10	16	21	0	0	0
OTU_372	1	1	0	0	0	0
OTU_373	1	0	0	0	0	0
OTU_374	1	1	0	0	0	0
OTU_375	1	0	0	0	0	0
OTU_376	1	0	0	0	0	0
OTU_377	1	0	0	0	0	0
OTU_378	2	4	3	0	0	0
OTU_379	1	1	1	0	0	0
OTU_38	4	2	1	0	0	0
OTU_380	1	0	0	0	0	0
OTU_381	1	0	0	0	0	0
OTU_382	2	4	1	0	0	0
OTU_383	1	0	0	0	0	0
OTU_384	1	0	0	0	0	0
OTU_385	1	0	0	0	0	0
OTU_386	1	0	0	0	0	0
OTU_387	2	1	0	0	0	0
OTU_388	1	2	1	0	0	0
OTU_389	2	3	3	0	0	0
OTU_39	7	3	2	0	0	0
OTU_390	2	6	2	0	0	0
OTU_391	1	0	1	0	0	0
OTU_392	2	0	0	0	0	0
OTU_393	1	1	0	0	0	0
OTU_394	1	0	0	0	0	0
OTU_395	3	4	2	0	0	0
OTU_396	2	1	2	0	0	0
OTU_397	1	0	1	0	0	0
OTU_398	1	0	0	0	0	0
OTU_399	1	0	0	0	0	0
OTU_4	8	8	2	0	0	0
OTU_40	4	5	4	0	0	0
OTU_400	1	0	1	0	0	0
OTU_401	1	0	0	0	0	0
OTU_402	1	0	0	0	0	0
OTU_403	2	0	1	0	0	0
OTU_404	1	0	0	0	0	0
OTU_405	1	1	0	0	0	0
OTU_406	4	1	3	0	0	0
OTU_407	1	1	0	0	0	0
OTU_408	2	0	1	0	0	0
OTU_409	1	1	0	0	0	0
OTU_41	1	1	0	0	0	0
OTU_410	2	1	2	0	0	0
OTU_411	1	0	1	0	0	0
OTU_412	1	0	0	0	0	0
OTU_413	1	0	0	0	0	0
OTU_414	1	0	0	0	0	0
OTU_415	1	1	0	0	0	0
OTU_416	1	0	1	0	0	0
OTU_417	1	0	1	0	0	0
OTU_418	1	1	0	0	0	0
OTU_419	2	2	1	0	0	0
OTU_42	1	0	1	0	0	0
OTU_420	3	2	5	0	0	0
OTU_421	1	1	0	0	0	0
OTU_422	1	0	0	0	0	0
OTU_423	2	3	6	0	0	0
OTU_424	1	0	1	0	0	0
OTU_425	1	0	0	0	0	0
OTU_426	1	0	1	0	0	0
OTU_427	1	0	0	0	0	0
OTU_428	2	0	2	0	0	0
OTU_429	1	0	1	0	0	0
OTU_43	2	1	2	0	0	0
OTU_430	1	0	0	0	0	0
OTU_431	1	0	0	0	0	0
OTU_432	1	1	0	0	0	0
OTU_433	1	0	0	0	0	0
OTU_434	1	0	1	0	0	0
OTU_435	1	1	0	0	0	0
OTU_436	2	0	0	0	0	0
OTU_437	1	0	0	0	0	0
OTU_438	3	0	0	0	0	0
OTU_439	1	0	0	0	0	0
OTU_44	15	11	10	0	0	0
OTU_440	1	0	0	0	0	0
OTU_441	1	1	2	0	0	0
OTU_442	1	2	1	0	0	0
OTU_443	1	1	1	0	0	0
OTU_444	1	1	0	0	0	0
OTU_445	1	0	2	0	0	0
OTU_446	1	1	1	0	0	0
OTU_447	1	0	0	0	0	0
OTU_448	1	0	0	0	0	0
OTU_449	1	0	0	0	0	0
OTU_45	2	1	0	0	0	0
OTU_450	2	0	1	0	0	0
OTU_451	1	0	0	0	0	0
OTU_452	1	0	0	0	0	0
OTU_453	1	0	0	0	0	0
OTU_454	1	0	0	0	0	0
OTU_455	1	0	0	0	0	0
OTU_456	1	1	0	0	0	0
OTU_457	1	2	1	0	0	0
OTU_458	1	0	1	0	0	0
OTU_459	2	1	1	0	0	0
OTU_46	1	1	0	0	0	0
OTU_460	1	0	0	0	0	0
OTU_461	1	0	0	0	0	0
OTU_462	1	1	1	0	0	0
OTU_463	1	1	0	0	0	0
OTU_464	2	0	2	0	0	0
OTU_465	1	1	1	0	0	0
OTU_466	1	0	0	0	0	0
OTU_467	1	0	0	0	0	0
OTU_468	1	2	0	0	0	0
OTU_469	1	1	0	0	0	0
OTU_47	3	5	1	0	0	0
OTU_470	1	0	0	0	0	0
OTU_471	1	0	1	0	0	0
OTU_472	1	0	0	0	0	0
OTU_473	1	1	1	0	0	0
OTU_474	2	0	0	0	0	0
OTU_475	1	0	0	0	0	0
OTU_476	1	1	0	0	0	0
OTU_477	1	0	1	0	0	0
OTU_478	1	0	0	0	0	0
OTU_479	1	1	0	0	0	0
OTU_48	2	1	3	0	0	0
OTU_480	1	0	0	0	0	0
OTU_481	1	0	0	0	0	0
OTU_482	1	1	1	0	0	0
OTU_483	1	0	0	0	0	0
OTU_484	1	0	0	0	0	0
OTU_485	1	0	0	0	0	0
OTU_486	1	1	0	0	0	0
OTU_487	1	2	1	0	0	0
OTU_488	1	1	0	0	0	0
OTU_489	1	0	0	0	0	0
OTU_49	2	0	0	0	0	0
OTU_490	1	0	0	0	0	0
OTU_491	1	0	0	0	0	0
OTU_492	1	0	0	0	0	0
OTU_493	1	0	1	0	0	0
OTU_494	1	0	0	0	0	0
OTU_495	1	0	0	0	0	0
OTU_496	1	0	0	0	0	0
OTU_497	1	0	0	0	0	0
OTU_498	1	0	0	0	0	0
OTU_499	1	1	0	0	0	0
OTU_5	1	4	0	0	0	0
OTU_50	3	2	2	0	0	0
OTU_500	1	0	0	0	0	0
OTU_501	1	0	0	0	0	0
OTU_502	1	2	5	0	0	0
OTU_503	1	0	0	0	0	0
OTU_504	1	0	0	0	0	0
OTU_505	1	2	1	0	0	0
OTU_506	1	0	0	0	0	0
OTU_507	1	0	0	0	0	0
OTU_508	1	0	0	0	0	0
OTU_509	1	0	2	0	0	0
OTU_51	1	0	0	0	0	0
OTU_510	1	0	0	0	0	0
OTU_511	1	0	0	0	0	0
OTU_512	1	3	3	0	0	0
OTU_513	1	0	0	0	0	0
OTU_514	1	1	1	0	0	0
OTU_515	1	0	1	0	0	0
OTU_516	1	0	1	0	0	0
OTU_517	1	0	0	0	0	0
OTU_518	1	0	0	0	0	0
OTU_519	1	0	0	0	0	0
OTU_52	1	0	0	0	0	0
OTU_520	1	0	0	0	0	0
OTU_521	1	0	0	0	0	0
OTU_522	1	0	0	0	0	0
OTU_523	1	1	0	0	0	0
OTU_524	1	0	0	0	0	0
OTU_525	1	0	0	0	0	0
OTU_526	1	0	0	0	0	0
OTU_527	1	0	0	0	0	0
OTU_528	1	0	1	0	0	0
OTU_529	1	0	0	0	0	0
OTU_53	4	0	1	0	0	0
OTU_530	1	0	0	0	0	0
OTU_531	1	0	0	0	0	0
OTU_532	1	1	1	0	0	0
OTU_533	1	0	0	0	0	0
OTU_534	1	2	1	0	0	0
OTU_535	1	2	0	0	0	0
OTU_536	1	0	0	0	0	0
OTU_537	1	1	0	0	0	0
OTU_538	1	3	2	0	0	0
OTU_539	1	0	0	0	0	0
OTU_54	1	0	0	0	0	0
OTU_540	1	0	0	0	0	0
OTU_541	1	0	0	0	0	0
OTU_542	1	5	2	0	0	0
OTU_543	1	0	0	0	0	0
OTU_544	1	1	0	0	0	0
OTU_545	1	2	2	0	0	0
OTU_546	0	3	0	0	0	0
OTU_547	0	2	0	0	0	0
OTU_548	0	4	1	0	0	0
OTU_549	0	5	1	0	0	0
OTU_55	1	0	0	0	0	0
OTU_550	0	2	0	0	0	0
OTU_551	0	1	0	0	0	0
OTU_552	0	1	0	0	0	0
OTU_553	0	2	1	0	0	0
OTU_554	0	1	0	0	0	0
OTU_555	0	1	0	0	0	0
OTU_556	0	1	0	0	0	0
OTU_557	0	1	0	0	0	0
OTU_558	0	1	0	0	0	0
OTU_559	0	1	0	0	0	0
OTU_56	5	2	1	0	0	0
OTU_560	0	1	3	0	0	0
OTU_561	0	1	0	0	0	0
OTU_562	0	1	0	0	0	0
OTU_563	0	1	0	0	0	0
OTU_564	0	1	0	0	0	0
OTU_565	0	1	0	0	0	0
OTU_566	0	1	0	0	0	0
OTU_567	0	1	0	0	0	0
OTU_568	0	1	1	0	0	0
OTU_569	0	1	1	0	0	0
OTU_57	2	0	0	0	0	0
OTU_570	0	1	1	0	0	0
OTU_571	0	2	3	0	0	0
OTU_572	0	1	0	0	0	0
OTU_573	0	1	0	0	0	0
OTU_574	0	1	0	0	0	0
OTU_575	0	1	0	0	0	0
OTU_576	0	1	1	0	0	0
OTU_577	0	2	1	0	0	0
OTU_578	0	2	0	0	0	0
OTU_579	0	1	0	0	0	0
OTU_58	1	0	0	0	0	0
OTU_580	0	2	0	0	0	0
OTU_581	0	1	0	0	0	0
OTU_582	0	1	0	0	0	0
OTU_583	0	1	0	0	0	0
OTU_584	0	2	0	0	0	0
OTU_585	0	1	0	0	0	0
OTU_586	0	1	0	0	0	0
OTU_587	0	1	0	0	0	0
OTU_588	0	1	0	0	0	0
OTU_589	0	2	0	0	0	0
OTU_59	2	1	2	0	0	0
OTU_590	0	1	0	0	0	0
OTU_591	0	2	1	0	0	0
OTU_592	0	1	0	0	0	0
OTU_593	0	1	0	0	0	0
OTU_594	0	1	0	0	0	0
OTU_595	0	2	0	0	0	0
OTU_596	0	1	0	0	0	0
OTU_597	0	1	0	0	0	0
OTU_598	0	1	0	0	0	0
OTU_599	0	1	0	0	0	0
OTU_6	1	0	0	0	0	0
OTU_60	12	7	5	0	0	0
OTU_600	0	1	1	0	0	0
OTU_601	0	3	1	0	0	0
OTU_602	0	1	0	0	0	0
OTU_603	0	1	0	0	0	0
OTU_604	0	2	3	0	0	0
OTU_605	0	1	0	0	0	0
OTU_606	0	1	1	0	0	0
OTU_607	0	1	0	0	0	0
OTU_608	0	1	0	0	0	0
OTU_609	0	2	0	0	0	0
OTU_61	2	0	1	0	0	0
OTU_610	0	1	1	0	0	0
OTU_611	0	1	0	0	0	0
OTU_612	0	1	0	0	0	0
OTU_613	0	2	1	0	0	0
OTU_614	0	2	1	0	0	0
OTU_615	0	1	0	0	0	0
OTU_616	0	1	0	0	0	0
OTU_617	0	1	0	0	0	0
OTU_618	0	1	0	0	0	0
OTU_619	0	3	6	0	0	0
OTU_62	1	1	1	0	0	0
OTU_620	0	1	1	0	0	0
OTU_621	0	2	0	0	0	0
OTU_622	0	2	0	0	0	0
OTU_623	0	1	4	0	0	0
OTU_624	0	1	0	0	0	0
OTU_625	0	1	0	0	0	0
OTU_626	0	2	0	0	0	0
OTU_627	0	2	0	0	0	0
OTU_628	0	2	0	0	0	0
OTU_629	0	1	0	0	0	0
OTU_63	1	0	0	0	0	0
OTU_630	0	1	0	0	0	0
OTU_631	0	1	1	0	0	0
OTU_632	0	1	0	0	0	0
OTU_633	0	1	1	0	0	0
OTU_634	0	1	0	0	0	0
OTU_635	0	1	1	0	0	0
OTU_636	0	1	0	0	0	0
OTU_637	0	1	1	0	0	0
OTU_638	0	1	0	0	0	0
OTU_639	0	1	0	0	0	0
OTU_64	1	3	1	0	0	0
OTU_640	0	1	0	0	0	0
OTU_641	0	1	0	0	0	0
OTU_642	0	2	2	0	0	0
OTU_643	0	1	1	0	0	0
OTU_644	0	1	0	0	0	0
OTU_645	0	1	0	0	0	0
OTU_646	0	1	0	0	0	0
OTU_647	0	1	0	0	0	0
OTU_648	0	1	0	0	0	0
OTU_649	0	1	0	0	0	0
OTU_65	3	1	1	0	0	0
OTU_650	0	1	0	0	0	0
OTU_651	0	2	1	0	0	0
OTU_652	0	1	1	0	0	0
OTU_653	0	2	0	0	0	0
OTU_654	0	1	2	0	0	0
OTU_655	0	3	1	0	0	0
OTU_656	0	1	1	0	0	0
OTU_657	0	1	0	0	0	0
OTU_658	0	1	0	0	0	0
OTU_659	0	1	0	0	0	0
OTU_66	2	1	0	0	0	0
OTU_660	0	2	0	0	0	0
OTU_661	0	1	0	0	0	0
OTU_662	0	1	0	0	0	0
OTU_663	0	1	1	0	0	0
OTU_664	0	1	0	0	0	0
OTU_665	0	1	0	0	0	0
OTU_666	0	1	0	0	0	0
OTU_667	0	1	0	0	0	0
OTU_668	0	2	1	0	0	0
OTU_669	0	1	0	0	0	0
OTU_67	16	21	12	0	0	0
OTU_670	0	1	0	0	0	0
OTU_671	0	3	6	0	0	0
OTU_672	0	1	0	0	0	0
OTU_673	0	1	0	0	0	0
OTU_674	0	1	1	0	0	0
OTU_675	0	1	1	0	0	0
OTU_676	0	1	0	0	0	0
OTU_677	0	2	1	0	0	0
OTU_678	0	2	2	0	0	0
OTU_679	0	1	0	0	0	0
OTU_68	6	0	1	0	0	0
OTU_680	0	1	0	0	0	0
OTU_681	0	1	1	0	0	0
OTU_682	0	1	0	0	0	0
OTU_683	0	2	0	0	0	0
OTU_684	0	1	0	0	0	0
OTU_685	0	1	0	0	0	0
OTU_686	0	1	0	0	0	0
OTU_687	0	1	0	0	0	0
OTU_688	0	1	0	0	0	0
OTU_689	0	1	0	0	0	0
OTU_69	1	0	0	0	0	0
OTU_690	0	1	2	0	0	0
OTU_691	0	1	2	0	0	0
OTU_692	0	1	0	0	0	0
OTU_693	0	1	0	0	0	0
OTU_694	0	1	0	0	0	0
OTU_695	0	1	0	0	0	0
OTU_696	0	1	0	0	0	0
OTU_697	0	1	0	0	0	0
OTU_698	0	1	1	0	0	0
OTU_699	0	1	3	0	0	0
OTU_7	2	0	2	0	0	0
OTU_70	7	2	2	0	0	0
OTU_700	0	2	0	0	0	0
OTU_701	0	1	0	0	0	0
OTU_702	0	2	0	0	0	0
OTU_703	0	1	0	0	0	0
OTU_704	0	1	0	0	0	0
OTU_705	0	1	0	0	0	0
OTU_706	0	1	0	0	0	0
OTU_707	0	1	1	0	0	0
OTU_708	0	1	0	0	0	0
OTU_709	0	1	0	0	0	0
OTU_71	1	0	0	0	0	0
OTU_710	0	1	0	0	0	0
OTU_711	0	1	1	0	0	0
OTU_712	0	1	0	0	0	0
OTU_713	0	1	0	0	0	0
OTU_714	0	3	4	0	0	0
OTU_715	0	2	2	0	0	0
OTU_716	0	1	0	0	0	0
OTU_717	0	1	0	0	0	0
OTU_718	0	1	0	0	0	0
OTU_719	0	1	0	0	0	0
OTU_72	2	0	0	0	0	0
OTU_720	0	1	1	0	0	0
OTU_721	0	1	1	0	0	0
OTU_722	0	1	0	0	0	0
OTU_723	0	1	0	0	0	0
OTU_724	0	1	0	0	0	0
OTU_725	0	1	0	0	0	0
OTU_726	0	1	0	0	0	0
OTU_727	0	2	0	0	0	0
OTU_728	0	1	0	0	0	0
OTU_729	0	1	0	0	0	0
OTU_73	6	1	6	0	0	0
OTU_730	0	1	3	0	0	0
OTU_731	0	2	0	0	0	0
OTU_732	0	1	0	0	0	0
OTU_733	0	1	0	0	0	0
OTU_734	0	1	0	0	0	0
OTU_735	0	1	2	0	0	0
OTU_736	0	4	8	0	0	0
OTU_737	0	1	0	0	0	0
OTU_738	0	1	1	0	0	0
OTU_739	0	1	0	0	0	0
OTU_74	2	0	2	0	0	0
OTU_740	0	1	3	0	0	0
OTU_741	0	1	0	0	0	0
OTU_742	0	1	0	0	0	0
OTU_743	0	1	1	0	0	0
OTU_744	0	1	0	0	0	0
OTU_745	0	1	0	0	0	0
OTU_746	0	1	0	0	0	0
OTU_747	0	1	0	0	0	0
OTU_748	0	1	0	0	0	0
OTU_749	0	1	0	0	0	0
OTU_75	2	0	0	0	0	0
OTU_750	0	1	0	0	0	0
OTU_751	0	3	2	0	0	0
OTU_752	0	1	0	0	0	0
OTU_753	0	1	1	0	0	0
OTU_754	0	1	0	0	0	0
OTU_755	0	1	0	0	0	0
OTU_756	0	1	0	0	0	0
OTU_757	0	1	0	0	0	0
OTU_758	0	1	0	0	0	0
OTU_759	0	1	0	0	0	0
OTU_76	1	0	0	0	0	0
OTU_760	0	1	0	0	0	0
OTU_761	0	1	0	0	0	0
OTU_762	0	1	0	0	0	0
OTU_763	0	1	2	0	0	0
OTU_764	0	1	0	0	0	0
OTU_765	0	1	0	0	0	0
OTU_766	0	1	0	0	0	0
OTU_767	0	1	0	0	0	0
OTU_768	0	1	0	0	0	0
OTU_769	0	1	0	0	0	0
OTU_77	3	0	0	0	0	0
OTU_770	0	1	0	0	0	0
OTU_771	0	1	2	0	0	0
OTU_772	0	1	0	0	0	0
OTU_773	0	1	0	0	0	0
OTU_774	0	1	0	0	0	0
OTU_775	0	1	0	0	0	0
OTU_776	0	1	0	0	0	0
OTU_777	0	1	0	0	0	0
OTU_778	0	1	0	0	0	0
OTU_779	0	2	0	0	0	0
OTU_78	2	0	0	0	0	0
OTU_780	0	1	0	0	0	0
OTU_781	0	1	0	0	0	0
OTU_782	0	1	0	0	0	0
OTU_783	0	1	2	0	0	0
OTU_784	0	1	3	0	0	0
OTU_785	0	1	0	0	0	0
OTU_786	0	1	0	0	0	0
OTU_787	0	1	1	0	0	0
OTU_788	0	1	0	0	0	0
OTU_789	0	1	0	0	0	0
OTU_79	1	0	0	0	0	0
OTU_790	0	1	0	0	0	0
OTU_791	0	2	0	0	0	0
OTU_792	0	1	2	0	0	0
OTU_793	0	1	0	0	0	0
OTU_794	0	1	1	0	0	0
OTU_795	0	1	0	0	0	0
OTU_796	0	1	2	0	0	0
OTU_797	0	1	0	0	0	0
OTU_798	0	1	0	0	0	0
OTU_799	0	1	0	0	0	0
OTU_8	2	0	0	0	0	0
OTU_80	3	0	0	0	0	0
OTU_800	0	1	0	0	0	0
OTU_801	0	1	0	0	0	0
OTU_802	0	1	0	0	0	0
OTU_803	0	1	1	0	0	0
OTU_804	0	1	0	0	0	0
OTU_805	0	1	0	0	0	0
OTU_806	0	1	0	0	0	0
OTU_807	0	1	0	0	0	0
OTU_808	0	1	2	0	0	0
OTU_809	0	1	0	0	0	0
OTU_81	1	0	0	0	0	0
OTU_810	0	1	0	0	0	0
OTU_811	0	1	0	0	0	0
OTU_812	0	1	0	0	0	0
OTU_813	0	1	0	0	0	0
OTU_814	0	0	1	0	0	0
OTU_815	0	0	1	0	0	0
OTU_816	0	0	1	0	0	0
OTU_817	0	0	1	0	0	0
OTU_818	0	0	3	0	0	0
OTU_819	0	0	2	0	0	0
OTU_82	4	2	1	0	0	0
OTU_820	0	0	1	0	0	0
OTU_821	0	0	1	0	0	0
OTU_822	0	0	1	0	0	0
OTU_823	0	0	1	0	0	0
OTU_824	0	0	2	0	0	0
OTU_825	0	0	4	0	0	0
OTU_826	0	0	1	0	0	0
OTU_827	0	0	1	0	0	0
OTU_828	0	0	1	0	0	0
OTU_829	0	0	2	0	0	0
OTU_83	9	9	6	0	0	0
OTU_830	0	0	1	0	0	0
OTU_831	0	0	1	0	0	0
OTU_832	0	0	1	0	0	0
OTU_833	0	0	2	0	0	0
OTU_834	0	0	1	0	0	0
OTU_835	0	0	1	0	0	0
OTU_836	0	0	2	0	0	0
OTU_837	0	0	1	0	0	0
OTU_838	0	0	1	0	0	0
OTU_839	0	0	2	0	0	0
OTU_84	2	3	1	0	0	0
OTU_840	0	0	2	0	0	0
OTU_841	0	0	1	0	0	0
OTU_842	0	0	1	0	0	0
OTU_843	0	0	1	0	0	0
OTU_844	0	0	1	0	0	0
OTU_845	0	0	1	0	0	0
OTU_846	0	0	1	0	0	0
OTU_847	0	0	1	0	0	0
OTU_848	0	0	1	0	0	0
OTU_849	0	0	1	0	0	0
OTU_85	1	0	0	0	0	0
OTU_850	0	0	1	0	0	0
OTU_851	0	0	1	0	0	0
OTU_852	0	0	1	0	0	0
OTU_853	0	0	1	0	0	0
OTU_854	0	0	1	0	0	0
OTU_855	0	0	1	0	0	0
OTU_856	0	0	1	0	0	0
OTU_857	0	0	1	0	0	0
OTU_858	0	0	1	0	0	0
OTU_859	0	0	1	0	0	0
OTU_86	4	1	0	0	0	0
OTU_860	0	0	1	0	0	0
OTU_861	0	0	2	0	0	0
OTU_862	0	0	1	0	0	0
OTU_863	0	0	1	0	0	0
OTU_864	0	0	1	0	0	0
OTU_865	0	0	1	0	0	0
OTU_866	0	0	1	0	0	0
OTU_867	0	0	2	0	0	0
OTU_868	0	0	1	0	0	0
OTU_869	0	0	1	0	0	0
OTU_87	2	2	0	0	0	0
OTU_870	0	0	1	0	0	0
OTU_871	0	0	1	0	0	0
OTU_872	0	0	2	0	0	0
OTU_873	0	0	1	0	0	0
OTU_874	0	0	1	0	0	0
OTU_875	0	0	1	0	0	0
OTU_876	0	0	1	0	0	0
OTU_877	0	0	1	0	0	0
OTU_878	0	0	1	0	0	0
OTU_879	0	0	1	0	0	0
OTU_88	1	0	0	0	0	0
OTU_880	0	0	1	0	0	0
OTU_881	0	0	1	0	0	0
OTU_882	0	0	1	0	0	0
OTU_883	0	0	1	0	0	0
OTU_884	0	0	5	0	0	0
OTU_885	0	0	1	0	0	0
OTU_886	0	0	2	0	0	0
OTU_887	0	0	2	0	0	0
OTU_888	0	0	1	0	0	0
OTU_889	0	0	1	0	0	0
OTU_89	1	0	0	0	0	0
OTU_890	0	0	1	0	0	0
OTU_891	0	0	1	0	0	0
OTU_892	0	0	1	0	0	0
OTU_893	0	0	1	0	0	0
OTU_894	0	0	1	0	0	0
OTU_895	0	0	1	0	0	0
OTU_896	0	0	1	0	0	0
OTU_897	0	0	1	0	0	0
OTU_898	0	0	1	0	0	0
OTU_899	0	0	2	0	0	0
OTU_9	1	0	0	0	0	0
OTU_90	12	4	6	0	0	0
OTU_900	0	0	1	0	0	0
OTU_901	0	0	1	0	0	0
OTU_902	0	0	1	0	0	0
OTU_903	0	0	1	0	0	0
OTU_904	0	0	1	0	0	0
OTU_905	0	0	1	0	0	0
OTU_906	0	0	2	0	0	0
OTU_907	0	0	1	0	0	0
OTU_908	0	0	1	0	0	0
OTU_909	0	0	1	0	0	0
OTU_91	2	0	1	0	0	0
OTU_910	0	0	1	0	0	0
OTU_911	0	0	1	0	0	0
OTU_912	0	0	1	0	0	0
OTU_913	0	0	1	0	0	0
OTU_914	0	0	1	0	0	0
OTU_915	0	0	1	0	0	0
OTU_916	0	0	1	0	0	0
OTU_917	0	0	1	0	0	0
OTU_918	0	0	1	0	0	0
OTU_919	0	0	3	0	0	0
OTU_92	1	1	0	0	0	0
OTU_920	0	0	1	0	0	0
OTU_921	0	0	2	0	0	0
OTU_922	0	0	1	0	0	0
OTU_923	0	0	1	0	0	0
OTU_924	0	0	1	0	0	0
OTU_925	0	0	1	0	0	0
OTU_926	0	0	1	0	0	0
OTU_927	0	0	2	0	0	0
OTU_928	0	0	1	0	0	0
OTU_929	0	0	1	0	0	0
OTU_93	8	3	4	0	0	0
OTU_930	0	0	1	0	0	0
OTU_931	0	0	1	0	0	0
OTU_932	0	0	2	0	0	0
OTU_933	0	0	2	0	0	0
OTU_934	0	0	1	0	0	0
OTU_935	0	0	2	0	0	0
OTU_936	0	0	1	0	0	0
OTU_937	0	0	1	0	0	0
OTU_938	0	0	1	0	0	0
OTU_939	0	0	1	0	0	0
OTU_94	6	1	2	0	0	0
OTU_940	0	0	1	0	0	0
OTU_941	0	0	1	0	0	0
OTU_942	0	0	1	0	0	0
OTU_943	0	0	2	0	0	0
OTU_944	0	0	3	0	0	0
OTU_945	0	0	1	0	0	0
OTU_946	0	0	1	0	0	0
OTU_947	0	0	1	0	0	0
OTU_948	0	0	1	0	0	0
OTU_949	0	0	1	0	0	0
OTU_95	8	2	6	0	0	0
OTU_950	0	0	1	0	0	0
OTU_951	0	0	1	0	0	0
OTU_952	0	0	1	0	0	0
OTU_953	0	0	1	0	0	0
OTU_954	0	0	1	0	0	0
OTU_955	0	0	1	0	0	0
OTU_956	0	0	2	0	0	0
OTU_957	0	0	1	0	0	0
OTU_958	0	0	1	0	0	0
OTU_959	0	0	1	0	0	0
OTU_96	13	10	11	0	0	0
OTU_960	0	0	1	0	0	0
OTU_961	0	0	1	0	0	0
OTU_962	0	0	1	0	0	0
OTU_963	0	0	1	0	0	0
OTU_964	0	0	1	0	0	0
OTU_965	0	0	1	0	0	0
OTU_966	0	0	1	0	0	0
OTU_967	0	0	1	0	0	0
OTU_968	0	0	1	0	0	0
OTU_969	0	0	1	0	0	0
OTU_97	1	1	1	0	0	0
OTU_970	0	0	1	0	0	0
OTU_971	0	0	1	0	0	0
OTU_972	0	0	1	0	0	0
OTU_973	0	0	2	0	0	0
OTU_974	0	0	1	0	0	0
OTU_975	0	0	1	0	0	0
OTU_976	0	0	1	0	0	0
OTU_977	0	0	1	0	0	0
OTU_978	0	0	1	0	0	0
OTU_979	0	0	1	0	0	0
OTU_98	1	0	0	0	0	0
OTU_980	0	0	1	0	0	0
OTU_981	0	0	1	0	0	0
OTU_982	0	0	1	0	0	0
OTU_983	0	0	1	0	0	0
OTU_984	0	0	1	0	0	0
OTU_985	0	0	2	0	0	0
OTU_986	0	0	1	0	0	0
OTU_987	0	0	1	0	0	0
OTU_988	0	0	1	0	0	0
OTU_989	0	0	1	0	0	0
OTU_99	1	0	0	0	0	0
OTU_990	0	0	1	0	0	0
OTU_991	0	0	1	0	0	0
OTU_992	0	0	1	0	0	0
OTU_993	0	0	1	0	0	0
OTU_994	0	0	1	0	0	0
OTU_995	0	0	1	0	0	0
OTU_996	0	0	1	0	0	0
OTU_997	0	0	2	0	0	0
OTU_998	0	0	1	0	0	0
OTU_999	0	0	1	0	0	0
